Sample	total	total_yield	perfectIndex	yieldQ30	qscore_sum	R1_yield	R1_Q30	R1_trimmed_bases	R2_yield	R2_Q30	R2_trimmed_bases	percent_Q30	percent_perfectIndex	mean_qscore
NA12878-NA12878-1-TWE-F-EGG4	57585636	17390862072	52508783	15940861955	617747722531	8695431036	8006955147	229904269	8695431036	7933906808	231039954	91.6622872920454	91.18382056247499	35.52139738521641
X221216-GM2210326-1-TWE-F-EGG4	65291191	19717939682	59418373	18096017705	700980215843	9858969841	9103497233	224863747	9858969841	8992520472	225638979	91.77438412350652	91.00519088401987	35.55037834317481
X221302-GM2210319-1-TWE-M-EGG4	70105798	21171950996	65490894	19337813481	750777020322	10585975498	9764080512	173261742	10585975498	9573732969	174307080	91.33694615415216	93.41722919978744	35.460927548143474
X221305-GM2210318-1-TWE-F-EGG4	52499489	15854845678	46858826	14424171268	561254464840	7927422839	7307593305	113654923	7927422839	7116577963	114232706	90.97642172585012	89.25577542288077	35.39955394323328
X221313-GM2210301-1-TWE-M-EGG4	55949248	16896672896	50168279	15319166095	597160609992	8448336448	7817702054	130466569	8448336448	7501464041	130853921	90.66380221295846	89.6674768533082	35.34190509975296
X221314-GM2210291-1-TWE-F-EGG4	60682091	18325991482	57420415	16603743781	647383282099	9162995741	8456208507	156077785	9162995741	8147535274	156750640	90.60215812775199	94.62497757369633	35.32596218517657
X221316-GM2210566-1-TWE-M-EGG4	72291582	21832057764	66312377	20011762210	775519941650	10916028882	10076192450	473743384	10916028882	9935569760	474213097	91.66228134023363	91.72904391551425	35.522072634343914
X221337-GM2210142-1-TWE-M-EGG4	80650221	24356366742	76258316	22135504546	861685094638	12178183371	11226112213	229329751	12178183371	10909392333	230033017	90.8818001489099	94.5543794604109	35.37822795023506
X221350-GM2211157-1-TWE-M-EGG4	62576717	18898168534	55513908	17283892543	670704824531	9449084267	8728977739	199165665	9449084267	8554914804	199895969	91.45802944822017	88.71335963502209	35.490466884361
X221352-GM2211136-1-TWE-M-EGG4	64453957	19465095014	59448449	17905881337	692745151266	9732547507	8987205488	210259365	9732547507	8918675849	210937232	91.9896939836227	92.23397874547872	35.58909683039064
X221353-GM2210388-1-TWE-F-EGG4	51866172	15663583944	47713861	14230061470	554112306147	7831791972	7238439245	181484514	7831791972	6991622225	181512422	90.84805572514509	91.99418264374707	35.37583149093123
X221364-GM2210646-1-TWE-M-EGG4	77083387	23279182874	71211657	21191957749	824279414749	11639591437	10743805036	234372333	11639591437	10448152713	235084666	91.03394162803208	92.38262584387995	35.40843418819564
X221367-GM2211373-1-TWE-F-EGG4	43178484	13039902168	40210108	12011084532	464350360145	6519951084	6015845140	207477904	6519951084	5995239392	208100103	92.11023500985517	93.12533529431	35.60995735723529
X221368-GM2210324-1-TWE-F-EGG4	74244294	22421776788	69682131	20599138067	797451941420	11210888394	10362705406	276092471	11210888394	10236432661	276855636	91.87112271149061	93.85520050874213	35.56595665722582
X221369-GM2210323-1-TWE-M-EGG4	65351414	19736127028	58239783	17881334929	696953113070	9868063514	9087530622	168877892	9868063514	8793804307	169901805	90.60204620507066	89.11786208635057	35.313570493401265
X221372-GM2211127-1-TWE-F-EGG4	53934796	16288308392	47529728	14873486740	577614667164	8144154196	7516336284	162426756	8144154196	7357150456	163505142	91.31388221569473	88.12442342416573	35.46191865127599
X221403-GM2211579-1-TWE-M-EGG4	68953174	20823858548	60337192	19018101663	738369823244	10411929274	9593008371	198717096	10411929274	9425093292	199627979	91.32842320822702	87.50458970895234	35.457877392992366
X221406-GM2210058-1-TWE-F-EGG4	59007563	17820284026	50513472	16313614650	632741124097	8910142013	8231600478	188640718	8910142013	8082014172	189529289	91.54519998782426	85.60508082667302	35.50679232574652
X221416-GM2211270-1-TWE-F-EGG4	59141559	17860750818	55331558	16431402444	635658932497	8930375409	8236148722	164266628	8930375409	8195253722	165108170	91.9972660244523	93.55782792266264	35.589709468226005
X221424-GM2123694-1-TWE-F-EGG4	70408234	21263286668	65961375	19357652627	752934804489	10631643334	9813108987	191900030	10631643334	9544543640	192409199	91.03791398406969	93.68417762047547	35.410085761676854
X221431-GM2211586-1-TWE-F-EGG4	48077427	14519382954	42993518	13353745113	516675649142	7259691477	6709179465	203741921	7259691477	6644565648	204355494	91.97185001116817	89.42558011683944	35.58523463282984
X221442-GM2211584-1-TWE-F-EGG4	73008310	22048509620	69471591	20112244555	781373772348	11024254810	10176425405	214362514	11024254810	9935819150	215280426	91.21815896688258	95.15573090241372	35.4388476053376
X221768-GM2211585-1-TWE-M-EGG4	63103172	19057157944	56561661	17481527531	677280284642	9528578972	8800168006	225827015	9528578972	8681359525	226152643	91.73208084001804	89.6336257074367	35.539417085811394
X221777-GM2211535-1-TWE-F-EGG4	83919485	25343684470	77079825	23275018705	901194239847	12671842235	11712810203	253636228	12671842235	11562208502	254546529	91.8375492424997	91.84973549349117	35.558927547167336
X221780-GM2211534-1-TWE-F-EGG4	73631795	22236802090	66927110	20223908373	786876472879	11118401045	10244194756	124414637	11118401045	9979713617	125399360	90.94791729110541	90.89430727581747	35.38622458815075
X221784-GM2211540-1-TWE-F-EGG4	58652830	17713154660	51815898	16234176125	629361160849	8856577330	8174887905	166041021	8856577330	8059288220	166552466	91.65039450403579	88.34338939826092	35.530721259394234
X221785-GM2211538-1-TWE-M-EGG4	53240940	16078763880	49051048	14673757637	570036390438	8039381940	7414179114	169191366	8039381940	7259578523	169396315	91.26172724790334	92.13031926183122	35.452749644955915
X221786-GM2211695-1-TWE-M-EGG4	62461178	18863275756	57352094	17373317871	671726446404	9431637878	8715041259	199342225	9431637878	8658276612	201457694	92.10127708319126	91.82038481566902	35.610275494718266
X221787-GM2211536-1-TWE-M-EGG4	55649164	16806047528	49210955	15337102289	595932389442	8403023764	7755877690	209201165	8403023764	7581224599	209218087	91.25942470082488	88.43071748571101	35.459401649860666
X221789-GM2211405-1-TWE-F-EGG4	60782139	18356205978	53488947	16781039480	651246947750	9178102989	8453968835	230086436	9178102989	8327070645	230742923	91.41888852256373	88.00109354493102	35.478298104222766
X221793-GM2211541-1-TWE-F-EGG4	48148762	14540926124	43613782	13404374433	518003254366	7270463062	6715737082	120994300	7270463062	6688637351	121625786	92.18377370665472	90.58131546559805	35.62381446330495
X221803-GM2210530-1-TWE-F-EGG4	57114660	17248627320	54116372	15783226531	612291041739	8624313660	7949135435	185510702	8624313660	7834091096	186428581	91.50424690722578	94.75040558763722	35.497957627563835
X221809-GM2211489-1-TWE-M-EGG4	23894912	7216263424	19457254	6622870964	256527742804	3608131712	3332389643	75770476	3608131712	3290481321	76043769	91.77701221346102	81.42843966112953	35.548555773453984
X221837-GM1911053-1-TWE-F-EGG4	67345953	20338477806	60733097	18383385277	717755840336	10169238903	9369441656	191963616	10169238903	9013943621	192103579	90.38722293945108	90.18076706108829	35.29053880936246
X221857-GM2211189-1-TWE-F-EGG4	67893395	20503805290	54277525	18812206778	728597057584	10251902645	9444717003	235885761	10251902645	9367489775	237343839	91.7498313699603	79.94522147552055	35.534723788044715
X221878-GM2211537-1-TWE-M-EGG4	53161664	16054822528	45803865	14671378349	569539424660	8027411264	7384239389	203909391	8027411264	7287138960	204711577	91.38299924158464	86.15957732248562	35.474663370878716
X221912-GM2210738-1-TWE-M-EGG4	52478551	15848522402	47066519	14506109255	562672837670	7924261201	7316713432	136809973	7924261201	7189395823	137243903	91.52972679124589	89.68715428137489	35.50317331784783
X222001-GM2211415-1-TWE-M-EGG4	78107742	23588538084	73499303	21414432209	834151503772	11794269042	10886747544	175088508	11794269042	10527684665	175617054	90.78321061162036	94.09989473258618	35.36257740100482
X222348-GM2216585-1-TWE-M-EGG4	39112576	11811997952	37233717	10818664791	419425932938	5905998976	5452674060	132846122	5905998976	5365990731	133286023	91.59047296624523	95.19627906891124	35.5084664459312
X223122-gm2221969-1-TWE-F-EGG4	65746364	19855401928	63014666	18345082466	708073575887	9927700964	9170018230	381056018	9927700964	9175064236	382358502	92.39340776139035	95.84509646799631	35.66150805985336
X223375-GM2224964-1-TWE-M-EGG4	78087656	23582472112	67207908	21556316085	836613742754	11791236056	10890303876	306081956	11791236056	10666012209	307062821	91.4082119237661	86.06726266697005	35.476083201993355
X223509-GM2225620-1-TWE-F-EGG4	69265897	20918300894	63796212	19295686123	745336020388	10459150447	9630841310	303299807	10459150447	9664844813	304799819	92.24308523324945	92.10335065753931	35.63081075106749
X223925-GM2228346-1-TWE-M-EGG4	62293534	18812647268	55926200	17077100365	665181500520	9406323634	8680723367	270064332	9406323634	8396376998	269748454	90.77457373076815	89.7784993222571	35.35820828637247
X223974-GM2205007-1-TWE-F-EGG4	74947740	22634217480	65647830	20857084841	806141284759	11317108740	10458924631	389328375	11317108740	10398160210	389753410	92.14846883674991	87.59147373890127	35.61604395960766
X223977-GM2216916-1-TWE-M-EGG4	60525007	18278552114	56981953	16857462950	651170864268	9139276057	8422423715	332740625	9139276057	8435039235	333801631	92.22537345881159	94.1461320277088	35.62486022999885
X223981-GM2300340-1-TWE-M-EGG4	88226978	26644547356	84100634	24468483181	947489140009	13322273678	12300265709	401979385	13322273678	12168217472	403300518	91.83298501593806	95.32303599926091	35.56033913241307
X224007-GM2227212-1-TWE-F-EGG4	61879733	18687679366	54829830	17255345452	666299970856	9343839683	8630981825	275598911	9343839683	8624363627	276672361	92.33541048116462	88.60708885088434	35.65450572039743
X224082-GM2203889-1-TWE-M-EGG4	66088968	19958868336	59701859	18264684712	708503953285	9979434168	9214481283	358224702	9979434168	9050203429	358328034	91.51162483023056	90.3355897462342	35.49820267149439
X224119-GM2301435-1-TWE-F-EGG4	68850481	20792845262	63433396	19014176010	737727297886	10396422631	9577051416	331587861	10396422631	9437124594	331704711	91.44576305172333	92.13210289700082	35.47986283696512
X224129-GM2301646-1-TWE-M-EGG4	61812634	18667415468	57395731	17150399242	663931475600	9333707734	8607071672	304685448	9333707734	8543327570	305748758	91.87345335190886	92.85436857455387	35.56633090092855
X224246-GM2302230-1-TWE-M-EGG4	71328884	21541322968	64204168	19850765120	767246944873	10770661484	9933659100	249787033	10770661484	9917106020	250884111	92.15202403997492	90.01145735015285	35.61744773117038
X224247-GM2302111-1-TWE-M-EGG4	82734076	24985690952	75438988	22924778750	888136892348	12492845476	11533718124	310708619	12492845476	11391060626	311338378	91.7516301391896	91.18248688726517	35.54582076814283
X224264-GM2221424-1-TWE-M-EGG4	66420984	20059137168	62331448	18524971788	715228799304	10029568584	9254424041	354597800	10029568584	9270547747	355868423	92.35178778054608	93.84300599942934	35.656010191953435
X224278-GM2302443-1-TWE-M-EGG4	57084237	17239439574	53674965	15542028218	607528135978	8619719787	7947074840	203374310	8619719787	7594953378	203747937	90.15390640331496	94.02764724699745	35.24059661975645
X224287-GM2302336-1-TWE-F-EGG4	56808777	17156250654	53127515	15770252244	610349686855	8578125327	7915021269	172272878	8578125327	7855230975	173222486	91.9213210511304	93.51990626378033	35.57593667545865
X224321-GM2302874-1-TWE-F-EGG4	57374926	17327227652	52321912	15903178779	615976424590	8663613826	7980163888	217412285	8663613826	7923014891	218308228	91.7814384297327	91.19299256263965	35.54962380371916
X224362-GM2303082-1-TWE-M-EGG4	60449442	18255731484	53038907	16530961613	644779959250	9127865742	8434813765	197067653	9127865742	8096147848	196897510	90.55217331328711	87.7409372943426	35.319316556288584
X224374-GM2302517-1-TWE-M-EGG4	64867758	19590062916	60333238	17899906643	694944006819	9795031458	9036933683	236122826	9795031458	8862972960	236750236	91.37237955668034	93.00959345627453	35.47431214482783
X224378-GM2302909-1-TWE-F-EGG4	71193756	21500514312	68492361	19825396185	766123070723	10750257156	9917011963	286532948	10750257156	9908384222	287540399	92.20893927144304	96.20557314043103	35.6327788073147
X224436-GM2301584-1-TWE-M-EGG4	71853557	21699774214	59714511	20060478745	774186459377	10849887107	10031920524	287020391	10849887107	10028558221	288092461	92.44556439696787	83.10585236580563	35.677166579803384
X224551-GM2303393-1-TWE-M-EGG4	69198707	20898009514	58457679	19040784598	740471592368	10449004757	9634597174	195570407	10449004757	9406187424	195734523	91.11290998907907	84.47799320874594	35.43263734624789
X224563-GM2303608-1-TWE-F-EGG4	75771781	22883077862	70682205	20790322961	809394067350	11441538931	10542288446	186100271	11441538931	10248034515	186916809	90.8545742245834	93.28301917570077	35.370856675451535
X224757-GM2221065-1-TWE-F-EGG4	67791534	20473043268	64421322	18778927037	727466276786	10236521634	9437860241	370934393	10236521634	9341066796	371867367	91.72513725085534	95.02856507126687	35.53288425483144
X224761-GM2300126-1-TWE-M-EGG4	64027154	19336200508	60987041	17858013009	689326908699	9668100254	8907081515	278210151	9668100254	8950931494	280105657	92.3553363113481	95.25183799361128	35.64955320016482
undetermined	260225945	78588235390	0	61494867490	2567258088191							78.24945704001001	0.0	32.66720617215528
