Sample	total_passed	total_failed	secondary_passed	secondary_failed	supplementary_passed	supplementary_failed	duplicates_passed	duplicates_failed	mapped_passed	mapped_failed	mapped_passed_pct	mapped_failed_pct	paired in sequencing_passed	paired in sequencing_failed	read1_passed	read1_failed	read2_passed	read2_failed	properly paired_passed	properly paired_failed	properly paired_passed_pct	properly paired_failed_pct	with itself and mate mapped_passed	with itself and mate mapped_failed	singletons_passed	singletons_failed	singletons_passed_pct	singletons_failed_pct	with mate mapped to a different chr_passed	with mate mapped to a different chr_failed	with mate mapped to a different chr (mapQ >= 5)_passed	with mate mapped to a different chr (mapQ >= 5)_failed	flagstat_total
NA12878-NA12878-1-TWE-F-EGG4	116217964	0	0	0	1046692	0	10301565	0	116029024	0	99.84	nan	115171272	0	57585636	0	57585636	0	112831172	0	97.97	nan	114833478	0	148854	0	0.13	nan	1464428	0	1275784	0	116217964
X221216-GM2210326-1-TWE-F-EGG4	131559745	0	0	0	977363	0	14668909	0	131404256	0	99.88	nan	130582382	0	65291191	0	65291191	0	128951992	0	98.75	nan	130301664	0	125229	0	0.1	nan	858962	0	703142	0	131559745
X221302-GM2210319-1-TWE-M-EGG4	141553732	0	0	0	1342136	0	17536919	0	141310923	0	99.83	nan	140211596	0	70105798	0	70105798	0	138028572	0	98.44	nan	139777336	0	191451	0	0.14	nan	829774	0	640327	0	141553732
X221305-GM2210318-1-TWE-F-EGG4	105794291	0	0	0	795313	0	10852356	0	105597208	0	99.81	nan	104998978	0	52499489	0	52499489	0	103330054	0	98.41	nan	104662422	0	139473	0	0.13	nan	916772	0	775929	0	105794291
X221313-GM2210301-1-TWE-M-EGG4	112807183	0	0	0	908687	0	10950426	0	112637138	0	99.85	nan	111898496	0	55949248	0	55949248	0	110107566	0	98.4	nan	111579788	0	148663	0	0.13	nan	988006	0	822545	0	112807183
X221314-GM2210291-1-TWE-F-EGG4	122358329	0	0	0	994147	0	12641229	0	122111397	0	99.8	nan	121364182	0	60682091	0	60682091	0	119443334	0	98.42	nan	120932570	0	184680	0	0.15	nan	974538	0	814806	0	122358329
X221316-GM2210566-1-TWE-M-EGG4	145725047	0	0	0	1141883	0	14672663	0	145525104	0	99.86	nan	144583164	0	72291582	0	72291582	0	142621612	0	98.64	nan	144227224	0	155997	0	0.11	nan	1057830	0	871587	0	145725047
X221337-GM2210142-1-TWE-M-EGG4	162634170	0	0	0	1333728	0	20343295	0	162348723	0	99.82	nan	161300442	0	80650221	0	80650221	0	159100938	0	98.64	nan	160797080	0	217915	0	0.14	nan	953430	0	763812	0	162634170
X221350-GM2211157-1-TWE-M-EGG4	126143860	0	0	0	990426	0	13315375	0	125976974	0	99.87	nan	125153434	0	62576717	0	62576717	0	123105760	0	98.36	nan	124851766	0	134782	0	0.11	nan	1255806	0	1072792	0	126143860
X221352-GM2211136-1-TWE-M-EGG4	129890782	0	0	0	982868	0	12542292	0	129725024	0	99.87	nan	128907914	0	64453957	0	64453957	0	127017444	0	98.53	nan	128617946	0	124210	0	0.1	nan	1108756	0	928689	0	129890782
X221353-GM2210388-1-TWE-F-EGG4	104614223	0	0	0	881879	0	10413457	0	104447008	0	99.84	nan	103732344	0	51866172	0	51866172	0	101993926	0	98.32	nan	103429360	0	135769	0	0.13	nan	1010840	0	862581	0	104614223
X221364-GM2210646-1-TWE-M-EGG4	155337640	0	0	0	1170866	0	15266106	0	155059477	0	99.82	nan	154166774	0	77083387	0	77083387	0	151661174	0	98.37	nan	153681970	0	206641	0	0.13	nan	1430278	0	1200495	0	155337640
X221367-GM2211373-1-TWE-F-EGG4	86998424	0	0	0	641456	0	7015231	0	86895403	0	99.88	nan	86356968	0	43178484	0	43178484	0	85033368	0	98.47	nan	86173406	0	80541	0	0.09	nan	849674	0	723650	0	86998424
X221368-GM2210324-1-TWE-F-EGG4	149872160	0	0	0	1383572	0	17018911	0	149675504	0	99.87	nan	148488588	0	74244294	0	74244294	0	145818852	0	98.2	nan	148139496	0	152436	0	0.1	nan	1761694	0	1520805	0	149872160
X221369-GM2210323-1-TWE-M-EGG4	132643936	0	0	0	1941108	0	17932825	0	132345035	0	99.77	nan	130702828	0	65351414	0	65351414	0	127866388	0	97.83	nan	130153216	0	250711	0	0.19	nan	802254	0	599994	0	132643936
X221372-GM2211127-1-TWE-F-EGG4	108701168	0	0	0	831576	0	9386139	0	108519188	0	99.83	nan	107869592	0	53934796	0	53934796	0	106057138	0	98.32	nan	107553060	0	134552	0	0.12	nan	1066732	0	905187	0	108701168
X221403-GM2211579-1-TWE-M-EGG4	139318200	0	0	0	1411852	0	18352515	0	139087042	0	99.83	nan	137906348	0	68953174	0	68953174	0	135454176	0	98.22	nan	137483170	0	192020	0	0.14	nan	1110728	0	906150	0	139318200
X221406-GM2210058-1-TWE-F-EGG4	118887499	0	0	0	872373	0	11711984	0	118717247	0	99.86	nan	118015126	0	59007563	0	59007563	0	116409824	0	98.64	nan	117713844	0	131030	0	0.11	nan	873744	0	720470	0	118887499
X221416-GM2211270-1-TWE-F-EGG4	119275316	0	0	0	992198	0	12481174	0	119115104	0	99.87	nan	118283118	0	59141559	0	59141559	0	116384496	0	98.39	nan	118001948	0	120958	0	0.1	nan	1115748	0	939552	0	119275316
X221424-GM2123694-1-TWE-F-EGG4	141880515	0	0	0	1064047	0	16723525	0	141653629	0	99.84	nan	140816468	0	70408234	0	70408234	0	138644110	0	98.46	nan	140410674	0	178908	0	0.13	nan	1259648	0	1063280	0	141880515
X221431-GM2211586-1-TWE-F-EGG4	96897318	0	0	0	742464	0	8931859	0	96788055	0	99.89	nan	96154854	0	48077427	0	48077427	0	94842502	0	98.64	nan	95957158	0	88433	0	0.09	nan	752132	0	625642	0	96897318
X221442-GM2211584-1-TWE-F-EGG4	147747493	0	0	0	1730873	0	18502065	0	147506243	0	99.84	nan	146016620	0	73008310	0	73008310	0	143528470	0	98.3	nan	145581580	0	193790	0	0.13	nan	1008836	0	815352	0	147747493
X221768-GM2211585-1-TWE-M-EGG4	127111212	0	0	0	904868	0	12341958	0	126932781	0	99.86	nan	126206344	0	63103172	0	63103172	0	124479822	0	98.63	nan	125896262	0	131651	0	0.1	nan	977896	0	821328	0	127111212
X221777-GM2211535-1-TWE-F-EGG4	169149468	0	0	0	1310498	0	20681190	0	168916450	0	99.86	nan	167838970	0	83919485	0	83919485	0	165376918	0	98.53	nan	167429332	0	176620	0	0.11	nan	1383060	0	1156259	0	169149468
X221780-GM2211534-1-TWE-F-EGG4	148731931	0	0	0	1468341	0	19831069	0	148465332	0	99.82	nan	147263590	0	73631795	0	73631795	0	144530026	0	98.14	nan	146771274	0	225717	0	0.15	nan	1243518	0	1015940	0	148731931
X221784-GM2211540-1-TWE-F-EGG4	118251126	0	0	0	945466	0	10900021	0	118099875	0	99.87	nan	117305660	0	58652830	0	58652830	0	115581872	0	98.53	nan	117042374	0	112035	0	0.1	nan	994352	0	842309	0	118251126
X221785-GM2211538-1-TWE-M-EGG4	107414503	0	0	0	932623	0	8943586	0	107249488	0	99.85	nan	106481880	0	53240940	0	53240940	0	104610996	0	98.24	nan	106184770	0	132095	0	0.12	nan	1117272	0	958211	0	107414503
X221786-GM2211695-1-TWE-M-EGG4	125866600	0	0	0	944244	0	12171208	0	125728843	0	99.89	nan	124922356	0	62461178	0	62461178	0	123093988	0	98.54	nan	124676362	0	108237	0	0.09	nan	1100642	0	930929	0	125866600
X221787-GM2211536-1-TWE-M-EGG4	112107924	0	0	0	809596	0	9664434	0	111969528	0	99.88	nan	111298328	0	55649164	0	55649164	0	109745742	0	98.61	nan	111046546	0	113386	0	0.1	nan	931576	0	787679	0	112107924
X221789-GM2211405-1-TWE-F-EGG4	122511805	0	0	0	947527	0	12131875	0	122296325	0	99.82	nan	121564278	0	60782139	0	60782139	0	119745166	0	98.5	nan	121201004	0	147794	0	0.12	nan	992086	0	833543	0	122511805
X221793-GM2211541-1-TWE-F-EGG4	97171315	0	0	0	873791	0	8784372	0	97060555	0	99.89	nan	96297524	0	48148762	0	48148762	0	94858824	0	98.51	nan	96099142	0	87622	0	0.09	nan	735720	0	610848	0	97171315
X221803-GM2210530-1-TWE-F-EGG4	115116831	0	0	0	887511	0	11452725	0	114936051	0	99.84	nan	114229320	0	57114660	0	57114660	0	112461978	0	98.45	nan	113913430	0	135110	0	0.12	nan	1011142	0	849094	0	115116831
X221809-GM2211489-1-TWE-M-EGG4	48205970	0	0	0	416146	0	4191439	0	48139509	0	99.86	nan	47789824	0	23894912	0	23894912	0	47073744	0	98.5	nan	47672540	0	50823	0	0.11	nan	392844	0	325370	0	48205970
X221837-GM1911053-1-TWE-F-EGG4	135653448	0	0	0	961542	0	14716972	0	135409728	0	99.82	nan	134691906	0	67345953	0	67345953	0	132913102	0	98.68	nan	134261474	0	186712	0	0.14	nan	864256	0	713492	0	135653448
X221857-GM2211189-1-TWE-F-EGG4	137574703	0	0	0	1787913	0	15057871	0	137362024	0	99.85	nan	135786790	0	67893395	0	67893395	0	133108380	0	98.03	nan	135401178	0	172933	0	0.13	nan	1120986	0	910100	0	137574703
X221878-GM2211537-1-TWE-M-EGG4	107109507	0	0	0	786179	0	8810529	0	106943417	0	99.84	nan	106323328	0	53161664	0	53161664	0	104702572	0	98.48	nan	106028442	0	128796	0	0.12	nan	948910	0	794530	0	107109507
X221912-GM2210738-1-TWE-M-EGG4	105766621	0	0	0	809519	0	9838535	0	105623134	0	99.86	nan	104957102	0	52478551	0	52478551	0	103448620	0	98.56	nan	104691904	0	121711	0	0.12	nan	764422	0	619712	0	105766621
X222001-GM2211415-1-TWE-M-EGG4	157386329	0	0	0	1170845	0	16708007	0	157073160	0	99.8	nan	156215484	0	78107742	0	78107742	0	153544604	0	98.29	nan	155676178	0	226137	0	0.14	nan	1512720	0	1278141	0	157386329
X222348-GM2216585-1-TWE-M-EGG4	78924478	0	0	0	699326	0	8310219	0	78790908	0	99.83	nan	78225152	0	39112576	0	39112576	0	77020328	0	98.46	nan	77986974	0	104608	0	0.13	nan	504500	0	402606	0	78924478
X223122-gm2221969-1-TWE-F-EGG4	132926320	0	0	0	1433592	0	12600708	0	132756172	0	99.87	nan	131492728	0	65746364	0	65746364	0	128923146	0	98.05	nan	131199768	0	122812	0	0.09	nan	1307898	0	1079498	0	132926320
X223375-GM2224964-1-TWE-M-EGG4	157997355	0	0	0	1822043	0	17353637	0	157738657	0	99.84	nan	156175312	0	78087656	0	78087656	0	153166878	0	98.07	nan	155723258	0	193356	0	0.12	nan	1496370	0	1263338	0	157997355
X223509-GM2225620-1-TWE-F-EGG4	139755442	0	0	0	1223648	0	13456493	0	139547597	0	99.85	nan	138531794	0	69265897	0	69265897	0	136267634	0	98.37	nan	138185422	0	138527	0	0.1	nan	1339310	0	1140264	0	139755442
X223925-GM2228346-1-TWE-M-EGG4	125542170	0	0	0	955102	0	11741424	0	125318777	0	99.82	nan	124587068	0	62293534	0	62293534	0	122639892	0	98.44	nan	124188338	0	175337	0	0.14	nan	1105836	0	934730	0	125542170
X223974-GM2205007-1-TWE-F-EGG4	151307541	0	0	0	1412061	0	17000424	0	151115799	0	99.87	nan	149895480	0	74947740	0	74947740	0	147926042	0	98.69	nan	149562668	0	141070	0	0.09	nan	962880	0	776114	0	151307541
X223977-GM2216916-1-TWE-M-EGG4	121993027	0	0	0	943013	0	11005975	0	121814757	0	99.85	nan	121050014	0	60525007	0	60525007	0	119360010	0	98.6	nan	120745714	0	126030	0	0.1	nan	924764	0	757756	0	121993027
X223981-GM2300340-1-TWE-M-EGG4	177805308	0	0	0	1351352	0	20458650	0	177573093	0	99.87	nan	176453956	0	88226978	0	88226978	0	173714690	0	98.45	nan	176039666	0	182075	0	0.1	nan	1693482	0	1443248	0	177805308
X224007-GM2227212-1-TWE-F-EGG4	124764429	0	0	0	1004963	0	13080764	0	124623738	0	99.89	nan	123759466	0	61879733	0	61879733	0	121810368	0	98.43	nan	123506480	0	112295	0	0.09	nan	1230398	0	1049297	0	124764429
X224082-GM2203889-1-TWE-M-EGG4	133432362	0	0	0	1254426	0	12963464	0	133246697	0	99.86	nan	132177936	0	66088968	0	66088968	0	130357856	0	98.62	nan	131849040	0	143231	0	0.11	nan	929142	0	757321	0	133432362
X224119-GM2301435-1-TWE-F-EGG4	138873392	0	0	0	1172430	0	12862453	0	138658268	0	99.85	nan	137700962	0	68850481	0	68850481	0	135511034	0	98.41	nan	137319122	0	166716	0	0.12	nan	1174906	0	976015	0	138873392
X224129-GM2301646-1-TWE-M-EGG4	124645923	0	0	0	1020655	0	11410280	0	124484298	0	99.87	nan	123625268	0	61812634	0	61812634	0	121800886	0	98.52	nan	123340232	0	123411	0	0.1	nan	1039832	0	862649	0	124645923
X224246-GM2302230-1-TWE-M-EGG4	143756398	0	0	0	1098630	0	21190603	0	143558910	0	99.86	nan	142657768	0	71328884	0	71328884	0	140812028	0	98.71	nan	142322524	0	137756	0	0.1	nan	918302	0	751328	0	143756398
X224247-GM2302111-1-TWE-M-EGG4	166654325	0	0	0	1186173	0	22528060	0	166414726	0	99.86	nan	165468152	0	82734076	0	82734076	0	163476428	0	98.8	nan	165059708	0	168845	0	0.1	nan	1009786	0	818183	0	166654325
X224264-GM2221424-1-TWE-M-EGG4	133923514	0	0	0	1081546	0	12663092	0	133775955	0	99.89	nan	132841968	0	66420984	0	66420984	0	130952904	0	98.58	nan	132576644	0	117765	0	0.09	nan	1109642	0	919578	0	133923514
X224278-GM2302443-1-TWE-M-EGG4	114939781	0	0	0	771307	0	13018823	0	114711690	0	99.8	nan	114168474	0	57084237	0	57084237	0	112691836	0	98.71	nan	113752452	0	187931	0	0.16	nan	675172	0	544927	0	114939781
X224287-GM2302336-1-TWE-F-EGG4	114459493	0	0	0	841939	0	12934278	0	114306898	0	99.87	nan	113617554	0	56808777	0	56808777	0	112225300	0	98.77	nan	113351164	0	113795	0	0.1	nan	687534	0	553574	0	114459493
X224321-GM2302874-1-TWE-F-EGG4	115564031	0	0	0	814179	0	13040112	0	115412548	0	99.87	nan	114749852	0	57374926	0	57374926	0	113412532	0	98.83	nan	114485360	0	113009	0	0.1	nan	650656	0	522890	0	115564031
X224362-GM2303082-1-TWE-M-EGG4	121874466	0	0	0	975582	0	11867666	0	121650850	0	99.82	nan	120898884	0	60449442	0	60449442	0	119136570	0	98.54	nan	120496292	0	178976	0	0.15	nan	869262	0	716403	0	121874466
X224374-GM2302517-1-TWE-M-EGG4	130659506	0	0	0	923990	0	16254789	0	130476348	0	99.86	nan	129735516	0	64867758	0	64867758	0	128199094	0	98.82	nan	129409704	0	142654	0	0.11	nan	741226	0	594799	0	130659506
X224378-GM2302909-1-TWE-F-EGG4	143551370	0	0	0	1163858	0	17635265	0	143398920	0	99.89	nan	142387512	0	71193756	0	71193756	0	140679328	0	98.8	nan	142117732	0	117330	0	0.08	nan	860514	0	694819	0	143551370
X224436-GM2301584-1-TWE-M-EGG4	144794038	0	0	0	1086924	0	18214879	0	144638304	0	99.89	nan	143707114	0	71853557	0	71853557	0	141959398	0	98.78	nan	143435812	0	115568	0	0.08	nan	949204	0	779020	0	144794038
X224551-GM2303393-1-TWE-M-EGG4	139476140	0	0	0	1078726	0	17268769	0	139288968	0	99.87	nan	138397414	0	69198707	0	69198707	0	136654280	0	98.74	nan	138058938	0	151304	0	0.11	nan	877786	0	710352	0	139476140
X224563-GM2303608-1-TWE-F-EGG4	152879738	0	0	0	1336176	0	19889997	0	152584396	0	99.81	nan	151543562	0	75771781	0	75771781	0	149269310	0	98.5	nan	151017510	0	230710	0	0.15	nan	946248	0	756255	0	152879738
X224757-GM2221065-1-TWE-F-EGG4	136554999	0	0	0	971931	0	13132552	0	136319319	0	99.83	nan	135583068	0	67791534	0	67791534	0	133757240	0	98.65	nan	135184934	0	162454	0	0.12	nan	1001500	0	821712	0	136554999
X224761-GM2300126-1-TWE-M-EGG4	129123113	0	0	0	1068805	0	12363158	0	128947572	0	99.86	nan	128054308	0	64027154	0	64027154	0	126047546	0	98.43	nan	127751290	0	127477	0	0.1	nan	1163610	0	973545	0	129123113
