Sample	CATEGORY	TOTAL_READS	PF_READS	PCT_PF_READS	PF_NOISE_READS	PF_READS_ALIGNED	PCT_PF_READS_ALIGNED	PF_ALIGNED_BASES	PF_HQ_ALIGNED_READS	PF_HQ_ALIGNED_BASES	PF_HQ_ALIGNED_Q20_BASES	PF_HQ_MEDIAN_MISMATCHES	PF_MISMATCH_RATE	PF_HQ_ERROR_RATE	PF_INDEL_RATE	MEAN_READ_LENGTH	READS_ALIGNED_IN_PAIRS	PCT_READS_ALIGNED_IN_PAIRS	BAD_CYCLES	STRAND_BALANCE	PCT_CHIMERAS	PCT_ADAPTER	
NA12878-NA12878-1-TWE-F-EGG4	PAIR	115171272.0	115171272.0	1.0	0.0	114982332.0	0.998359	16722348314.0	109340225.0	15937851152.0	15482817698.0	0.0	0.003987	0.003863	0.000136	146.99821	114833478.0	0.998705	0.0	0.500079	0.022152	0.0	
X221216-GM2210326-1-TWE-F-EGG4	PAIR	130582382.0	130582382.0	1.0	0.0	130426893.0	0.998809	19064536108.0	123939494.0	18152617159.0	17641094451.0	0.0	0.003881	0.003765	0.000133	147.550459	130301664.0	0.99904	0.0	0.500064	0.014851	0.0	
X221302-GM2210319-1-TWE-M-EGG4	PAIR	140211596.0	140211596.0	1.0	0.0	139968787.0	0.998268	20554155093.0	132740366.0	19535061179.0	18946419654.0	0.0	0.004439	0.004306	0.000154	148.521638	139777336.0	0.998632	0.0	0.500073	0.018128	0.0	
X221305-GM2210318-1-TWE-F-EGG4	PAIR	104998978.0	104998978.0	1.0	0.0	104801895.0	0.998123	15444802309.0	99870971.0	14745083135.0	14276502909.0	0.0	0.004383	0.004261	0.000141	148.830008	104662422.0	0.998669	0.0	0.500077	0.016973	0.0	
X221313-GM2210301-1-TWE-M-EGG4	PAIR	111898496.0	111898496.0	1.0	0.0	111728451.0	0.99848	16434820091.0	106134845.0	15644351935.0	15126657569.0	0.0	0.004625	0.004495	0.000141	148.665135	111579788.0	0.998669	0.0	0.500071	0.017874	0.0	
X221314-GM2210291-1-TWE-F-EGG4	PAIR	121364182.0	121364182.0	1.0	0.0	121117250.0	0.997965	17786361429.0	115242328.0	16956172579.0	16387905051.0	0.0	0.004749	0.004633	0.000146	148.422805	120932570.0	0.998475	0.0	0.500084	0.017139	0.0	
X221316-GM2210566-1-TWE-M-EGG4	PAIR	144583164.0	144583164.0	1.0	0.0	144383221.0	0.998617	20652415547.0	136281636.0	19541131984.0	18990173012.0	0.0	0.003959	0.003827	0.000126	144.443885	144227224.0	0.99892	0.0	0.500083	0.015285	0.0	
X221337-GM2210142-1-TWE-M-EGG4	PAIR	161300442.0	161300442.0	1.0	0.0	161014995.0	0.99823	23603985355.0	152916923.0	22463445456.0	21738835887.0	0.0	0.004547	0.004422	0.000134	148.152573	160797080.0	0.998647	0.0	0.50005	0.015587	0.0	
X221350-GM2211157-1-TWE-M-EGG4	PAIR	125153434.0	125153434.0	1.0	0.0	124986548.0	0.998667	18293297733.0	118140145.0	17326269984.0	16811200001.0	0.0	0.004097	0.003975	0.000138	147.811835	124851766.0	0.998922	0.0	0.500064	0.018272	0.0	
X221352-GM2211136-1-TWE-M-EGG4	PAIR	128907914.0	128907914.0	1.0	0.0	128742156.0	0.998714	18840200338.0	122310199.0	17936112046.0	17450076081.0	0.0	0.003771	0.003646	0.00014	147.73303	128617946.0	0.999035	0.0	0.500043	0.016707	0.0	
X221353-GM2210388-1-TWE-F-EGG4	PAIR	103732344.0	103732344.0	1.0	0.0	103565129.0	0.998388	15118348961.0	98567934.0	14418669460.0	13953634563.0	0.0	0.004546	0.004425	0.00014	147.501018	103429360.0	0.998689	0.0	0.500087	0.018791	0.0	
X221364-GM2210646-1-TWE-M-EGG4	PAIR	154166774.0	154166774.0	1.0	0.0	153888611.0	0.998196	22538617096.0	146049412.0	21435482948.0	20762781334.0	0.0	0.004396	0.004263	0.000141	147.955309	153681970.0	0.998657	0.0	0.50008	0.017355	0.0	
X221367-GM2211373-1-TWE-F-EGG4	PAIR	86356968.0	86356968.0	1.0	0.0	86253947.0	0.998807	12491261521.0	81511717.0	11830956811.0	11517272662.0	0.0	0.003837	0.003709	0.000146	146.188038	86173406.0	0.999066	0.0	0.500069	0.017276	0.0	
X221368-GM2210324-1-TWE-F-EGG4	PAIR	148488588.0	148488588.0	1.0	0.0	148291932.0	0.998676	21615839369.0	140776337.0	20564633513.0	19998865243.0	0.0	0.003782	0.003658	0.000136	147.276573	148139496.0	0.998972	0.0	0.500067	0.020721	0.0	
X221369-GM2210323-1-TWE-M-EGG4	PAIR	130702828.0	130702828.0	1.0	0.0	130403927.0	0.997713	19072399296.0	123672003.0	18135120732.0	17532425679.0	0.0	0.004911	0.004759	0.000147	148.408746	130153216.0	0.998077	0.0	0.50011	0.026872	0.0	
X221372-GM2211127-1-TWE-F-EGG4	PAIR	107869592.0	107869592.0	1.0	0.0	107687612.0	0.998313	15778297215.0	102184044.0	15003107208.0	14550129408.0	0.0	0.00421	0.004079	0.000141	147.978892	107553060.0	0.998751	0.0	0.500068	0.018112	0.0	
X221403-GM2211579-1-TWE-M-EGG4	PAIR	137906348.0	137906348.0	1.0	0.0	137675190.0	0.998324	20156143910.0	130762640.0	19187768795.0	18609430366.0	0.0	0.004294	0.00417	0.00014	148.112039	137483170.0	0.998605	0.0	0.500066	0.020682	0.0	
X221406-GM2210058-1-TWE-F-EGG4	PAIR	118015126.0	118015126.0	1.0	0.0	117844874.0	0.998557	17251697444.0	111987086.0	16427338478.0	15948094571.0	0.0	0.004092	0.003969	0.000138	147.796008	117713844.0	0.998888	0.0	0.500062	0.015379	0.0	
X221416-GM2211270-1-TWE-F-EGG4	PAIR	118283118.0	118283118.0	1.0	0.0	118122906.0	0.998646	17338340096.0	112390891.0	16529474650.0	16079213219.0	0.0	0.003743	0.003624	0.000138	148.215805	118001948.0	0.998976	0.0	0.500071	0.0184	0.0	
X221424-GM2123694-1-TWE-F-EGG4	PAIR	140816468.0	140816468.0	1.0	0.0	140589582.0	0.998389	20635988900.0	133410426.0	19620553022.0	19001837431.0	0.0	0.004401	0.004273	0.000134	148.271218	140410674.0	0.998727	0.0	0.500063	0.016759	0.0	
X221431-GM2211586-1-TWE-F-EGG4	PAIR	96154854.0	96154854.0	1.0	0.0	96045591.0	0.998864	13960451991.0	91130618.0	13274841854.0	12913785806.0	0.0	0.00376	0.003639	0.000135	146.756268	95957158.0	0.999079	0.0	0.500053	0.016159	0.0	
X221442-GM2211584-1-TWE-F-EGG4	PAIR	146016620.0	146016620.0	1.0	0.0	145775370.0	0.998348	21322924161.0	138211055.0	20261602939.0	19640285227.0	0.0	0.004362	0.00423	0.000135	148.058055	145581580.0	0.998671	0.0	0.500068	0.021676	0.0	
X221768-GM2211585-1-TWE-M-EGG4	PAIR	126206344.0	126206344.0	1.0	0.0	126027913.0	0.998586	18404455044.0	119853879.0	17537230509.0	17040935684.0	0.0	0.003935	0.003821	0.000135	147.419106	125896262.0	0.998955	0.0	0.500087	0.015506	0.0	
X221777-GM2211535-1-TWE-F-EGG4	PAIR	167838970.0	167838970.0	1.0	0.0	167605952.0	0.998612	24557923901.0	159465680.0	23413570481.0	22760886232.0	0.0	0.003896	0.003775	0.000138	147.972675	167429332.0	0.998946	0.0	0.500057	0.016659	0.0	
X221780-GM2211534-1-TWE-F-EGG4	PAIR	147263590.0	147263590.0	1.0	0.0	146996991.0	0.99819	21690671507.0	139644988.0	20651381567.0	19994299453.0	0.0	0.004629	0.004483	0.000144	149.304219	146771274.0	0.998464	0.0	0.500103	0.020921	0.0	
X221784-GM2211540-1-TWE-F-EGG4	PAIR	117305660.0	117305660.0	1.0	0.0	117154409.0	0.998711	17195119511.0	111519425.0	16398116054.0	15929152564.0	0.0	0.003912	0.003796	0.000136	148.165093	117042374.0	0.999044	0.0	0.500042	0.017143	0.0	
X221785-GM2211538-1-TWE-M-EGG4	PAIR	106481880.0	106481880.0	1.0	0.0	106316865.0	0.99845	15555799332.0	100746301.0	14769901812.0	14319427859.0	0.0	0.004262	0.004133	0.000137	147.820576	106184770.0	0.998758	0.0	0.500103	0.01981	0.0	
X221786-GM2211695-1-TWE-M-EGG4	PAIR	124922356.0	124922356.0	1.0	0.0	124784599.0	0.998897	18270219720.0	118478908.0	17381478581.0	16919476329.0	0.0	0.003706	0.003577	0.000137	147.791999	124676362.0	0.999133	0.0	0.500066	0.01697	0.0	
X221787-GM2211536-1-TWE-M-EGG4	PAIR	111298328.0	111298328.0	1.0	0.0	111159932.0	0.998757	16214784787.0	105572448.0	15430187909.0	14962502905.0	0.0	0.004217	0.004102	0.000135	147.240918	111046546.0	0.99898	0.0	0.500056	0.015903	0.0	
X221789-GM2211405-1-TWE-F-EGG4	PAIR	121564278.0	121564278.0	1.0	0.0	121348798.0	0.998227	17688244284.0	115066017.0	16807276863.0	16307649791.0	0.0	0.004169	0.004047	0.000138	147.209572	121201004.0	0.998782	0.0	0.500125	0.016635	0.0	
X221793-GM2211541-1-TWE-F-EGG4	PAIR	96297524.0	96297524.0	1.0	0.0	96186764.0	0.99885	14138790752.0	91467674.0	13472120353.0	13116366319.0	0.0	0.00366	0.003546	0.000138	148.481026	96099142.0	0.999089	0.0	0.500041	0.018224	0.0	
X221803-GM2210530-1-TWE-F-EGG4	PAIR	114229320.0	114229320.0	1.0	0.0	114048540.0	0.998417	16686783308.0	108339494.0	15883037358.0	15414523634.0	0.0	0.004098	0.003972	0.00014	147.744278	113913430.0	0.998815	0.0	0.500106	0.017171	0.0	
X221809-GM2211489-1-TWE-M-EGG4	PAIR	47789824.0	47789824.0	1.0	0.0	47723363.0	0.998609	6984169086.0	45328245.0	6647392649.0	6460868295.0	0.0	0.003927	0.003797	0.00014	147.82374	47672540.0	0.998935	0.0	0.500053	0.017674	0.0	
X221837-GM1911053-1-TWE-F-EGG4	PAIR	134691906.0	134691906.0	1.0	0.0	134448186.0	0.998191	19723195353.0	128008827.0	18812872120.0	18164298815.0	0.0	0.004764	0.004647	0.000136	148.148864	134261474.0	0.998611	0.0	0.500093	0.014336	0.0	
X221857-GM2211189-1-TWE-F-EGG4	PAIR	135786790.0	135786790.0	1.0	0.0	135574111.0	0.998434	19749445944.0	128625550.0	18783529547.0	18256060296.0	0.0	0.004057	0.003911	0.000143	147.515508	135401178.0	0.998724	0.0	0.500085	0.024767	0.0	
X221878-GM2211537-1-TWE-M-EGG4	PAIR	106323328.0	106323328.0	1.0	0.0	106157238.0	0.998438	15469551954.0	100661379.0	14700363471.0	14259427747.0	0.0	0.004144	0.004018	0.000137	147.157221	106028442.0	0.998787	0.0	0.500121	0.016743	0.0	
X221912-GM2210738-1-TWE-M-EGG4	PAIR	104957102.0	104957102.0	1.0	0.0	104813615.0	0.998633	15401653373.0	99565268.0	14659523397.0	14229517867.0	0.0	0.004118	0.003993	0.000141	148.389298	104691904.0	0.998839	0.0	0.500087	0.016229	0.0	
X222001-GM2211415-1-TWE-M-EGG4	PAIR	156215484.0	156215484.0	1.0	0.0	155902315.0	0.997995	22960462513.0	148067463.0	21848075645.0	21136218471.0	0.0	0.004571	0.004444	0.00014	148.755402	155676178.0	0.998549	0.0	0.500114	0.017755	0.0	
X222348-GM2216585-1-TWE-M-EGG4	PAIR	78225152.0	78225152.0	1.0	0.0	78091582.0	0.998292	11404972172.0	73963969.0	10826250625.0	10511687477.0	0.0	0.004098	0.003966	0.000123	147.598317	77986974.0	0.99866	0.0	0.50011	0.016538	0.0	
X223122-gm2221969-1-TWE-F-EGG4	PAIR	131492728.0	131492728.0	1.0	0.0	131322580.0	0.998706	18857894349.0	124242974.0	17889953320.0	17441328456.0	0.0	0.003631	0.003482	0.000143	145.1947	131199768.0	0.999065	0.0	0.500046	0.023522	0.0	
X223375-GM2224964-1-TWE-M-EGG4	PAIR	156175312.0	156175312.0	1.0	0.0	155916614.0	0.998344	22663823900.0	147580491.0	21502332209.0	20865250961.0	0.0	0.004161	0.00403	0.000138	147.074493	155723258.0	0.99876	0.0	0.500064	0.023256	0.0	
X223509-GM2225620-1-TWE-F-EGG4	PAIR	138531794.0	138531794.0	1.0	0.0	138323949.0	0.9985	20080931386.0	131498889.0	19130738226.0	18633477059.0	0.0	0.00363	0.003503	0.000138	146.61075	138185422.0	0.998999	0.0	0.500067	0.019042	0.0	
X223925-GM2228346-1-TWE-M-EGG4	PAIR	124587068.0	124587068.0	1.0	0.0	124363675.0	0.998207	18053872165.0	118031574.0	17172780943.0	16616624592.0	0.0	0.004538	0.004411	0.000136	146.667571	124188338.0	0.99859	0.0	0.500072	0.016966	0.0	
X223974-GM2205007-1-TWE-F-EGG4	PAIR	149895480.0	149895480.0	1.0	0.0	149703738.0	0.998721	21605213172.0	141826477.0	20516877999.0	19977053927.0	0.0	0.003677	0.003554	0.000129	145.802942	149562668.0	0.999058	0.0	0.500045	0.016701	0.0	
X223977-GM2216916-1-TWE-M-EGG4	PAIR	121050014.0	121050014.0	1.0	0.0	120871744.0	0.998527	17417571470.0	114655735.0	16561299282.0	16133301843.0	0.0	0.00361	0.003485	0.000136	145.494062	120745714.0	0.998957	0.0	0.500077	0.016017	1e-06	
X223981-GM2300340-1-TWE-M-EGG4	PAIR	176453956.0	176453956.0	1.0	0.0	176221741.0	0.998684	25558854894.0	166950810.0	24268301303.0	23592748419.0	0.0	0.003869	0.003752	0.000135	146.436735	176039666.0	0.998967	0.0	0.500087	0.017542	0.0	
X224007-GM2227212-1-TWE-F-EGG4	PAIR	123759466.0	123759466.0	1.0	0.0	123618775.0	0.998863	17943758577.0	117425424.0	17081829314.0	16644404476.0	0.0	0.003606	0.003491	0.000136	146.537927	123506480.0	0.999092	0.0	0.500083	0.018318	0.0	
X224082-GM2203889-1-TWE-M-EGG4	PAIR	132177936.0	132177936.0	1.0	0.0	131992271.0	0.998595	19017033201.0	125227273.0	18084937516.0	17566564170.0	0.0	0.003908	0.003787	0.000129	145.579292	131849040.0	0.998915	0.0	0.500058	0.017232	0.0	
X224119-GM2301435-1-TWE-F-EGG4	PAIR	137700962.0	137700962.0	1.0	0.0	137485838.0	0.998438	19888826650.0	130515139.0	18926057725.0	18372472491.0	0.0	0.004134	0.004002	0.000134	146.18352	137319122.0	0.998787	0.0	0.500076	0.018074	0.0	
X224129-GM2301646-1-TWE-M-EGG4	PAIR	123625268.0	123625268.0	1.0	0.0	123463643.0	0.998693	17856676492.0	117146831.0	16983216938.0	16518778015.0	0.0	0.003776	0.003652	0.000136	146.062635	123340232.0	0.999	0.0	0.500055	0.017292	0.0	
X224246-GM2302230-1-TWE-M-EGG4	PAIR	142657768.0	142657768.0	1.0	0.0	142460280.0	0.998616	20813999436.0	135618349.0	19853509070.0	19325662173.0	0.0	0.003682	0.003569	0.000136	147.49079	142322524.0	0.999033	0.0	0.500069	0.015106	0.0	
X224247-GM2302111-1-TWE-M-EGG4	PAIR	165468152.0	165468152.0	1.0	0.0	165228553.0	0.998552	24108140797.0	157134670.0	22972104387.0	22325228293.0	0.0	0.003899	0.003785	0.000136	147.241023	165059708.0	0.998978	0.0	0.50007	0.013889	0.0	
X224264-GM2221424-1-TWE-M-EGG4	PAIR	132841968.0	132841968.0	1.0	0.0	132694409.0	0.998889	19143016264.0	125436232.0	18140080026.0	17680949522.0	0.0	0.003579	0.003451	0.000143	145.65219	132576644.0	0.999113	0.0	0.500063	0.016994	0.0	
X224278-GM2302443-1-TWE-M-EGG4	PAIR	114168474.0	114168474.0	1.0	0.0	113940383.0	0.998002	16627394913.0	108292133.0	15835959401.0	15273253633.0	0.0	0.004996	0.004877	0.000134	147.434434	113752452.0	0.998351	0.0	0.500101	0.013468	0.0	
X224287-GM2302336-1-TWE-F-EGG4	PAIR	113617554.0	113617554.0	1.0	0.0	113464959.0	0.998657	16634485608.0	107830104.0	15838744065.0	15400917948.0	0.0	0.003854	0.003732	0.000137	147.959518	113351164.0	0.998997	0.0	0.500099	0.014312	0.0	
X224321-GM2302874-1-TWE-F-EGG4	PAIR	114749852.0	114749852.0	1.0	0.0	114598369.0	0.99868	16716569470.0	108702133.0	15888138666.0	15442289127.0	0.0	0.003879	0.003762	0.000134	147.20321	114485360.0	0.999014	0.0	0.500051	0.013636	0.0	
X224362-GM2303082-1-TWE-M-EGG4	PAIR	120898884.0	120898884.0	1.0	0.0	120675268.0	0.99815	17644009830.0	114685416.0	16802879817.0	16240488530.0	0.0	0.004669	0.004543	0.000138	147.741797	120496292.0	0.998517	0.0	0.500077	0.015975	0.0	
X224374-GM2302517-1-TWE-M-EGG4	PAIR	129735516.0	129735516.0	1.0	0.0	129552358.0	0.998588	18911588816.0	123097600.0	18004873101.0	17465245973.0	0.0	0.004154	0.004037	0.000135	147.355458	129409704.0	0.998899	0.0	0.500061	0.013672	0.0	
X224378-GM2302909-1-TWE-F-EGG4	PAIR	142387512.0	142387512.0	1.0	0.0	142235062.0	0.998929	20709433690.0	135110007.0	19712254438.0	19195128340.0	0.0	0.003611	0.003503	0.000137	146.968593	142117732.0	0.999175	0.0	0.500049	0.015178	0.0	
X224436-GM2301584-1-TWE-M-EGG4	PAIR	143707114.0	143707114.0	1.0	0.0	143551380.0	0.998916	20913420388.0	136378714.0	19908302616.0	19407802528.0	0.0	0.003461	0.003355	0.000136	146.998385	143435812.0	0.999195	0.0	0.500069	0.014704	0.0	
X224551-GM2303393-1-TWE-M-EGG4	PAIR	138397414.0	138397414.0	1.0	0.0	138210242.0	0.998648	20284553376.0	131402083.0	19321746239.0	18722448800.0	0.0	0.004313	0.004199	0.000138	148.17295	138058938.0	0.998905	0.0	0.500078	0.014933	0.0	
X224563-GM2303608-1-TWE-F-EGG4	PAIR	151543562.0	151543562.0	1.0	0.0	151248220.0	0.998051	22220525797.0	143887433.0	21183178654.0	20497155047.0	0.0	0.004596	0.004468	0.00014	148.539001	151017510.0	0.998475	0.0	0.500116	0.016845	0.0	
X224757-GM2221065-1-TWE-F-EGG4	PAIR	135583068.0	135583068.0	1.0	0.0	135347388.0	0.998262	19508885817.0	128538547.0	18572291313.0	18054265153.0	0.0	0.003868	0.003746	0.000133	145.521831	135184934.0	0.9988	0.0	0.500089	0.014881	1e-06	
X224761-GM2300126-1-TWE-M-EGG4	PAIR	128054308.0	128054308.0	1.0	0.0	127878767.0	0.998629	18570387632.0	121277244.0	17651770462.0	17199922393.0	0.0	0.00357	0.003442	0.000136	146.640451	127751290.0	0.999003	0.0	0.500062	0.018134	0.0	
