Sample	SAMPLE_NAME	MEDIAN_INSERT_SIZE	MEDIAN_ABSOLUTE_DEVIATION	MIN_INSERT_SIZE	MAX_INSERT_SIZE	MEAN_INSERT_SIZE	STANDARD_DEVIATION	READ_PAIRS	PAIR_ORIENTATION	WIDTH_OF_10_PERCENT	WIDTH_OF_20_PERCENT	WIDTH_OF_30_PERCENT	WIDTH_OF_40_PERCENT	WIDTH_OF_50_PERCENT	WIDTH_OF_60_PERCENT	WIDTH_OF_70_PERCENT	WIDTH_OF_80_PERCENT	WIDTH_OF_90_PERCENT	WIDTH_OF_99_PERCENT
NA12878-NA12878-1-TWE-F-EGG4_FR	NA12878-NA12878-1-TWE-F-EGG4	239.0	69.0	2.0	249002858.0	258.989682	109.444794	56481365.0	FR	27.0	55.0	83.0	111.0	139.0	171.0	207.0	251.0	343.0	707.0
X221216-GM2210326-1-TWE-F-EGG4_FR	X221216-GM2210326-1-TWE-F-EGG4	248.0	70.0	2.0	244192974.0	266.50404	109.495209	64523282.0	FR	29.0	55.0	83.0	111.0	141.0	173.0	211.0	257.0	343.0	689.0
X221302-GM2210319-1-TWE-M-EGG4_FR	X221302-GM2210319-1-TWE-M-EGG4	253.0	69.0	2.0	245518663.0	273.166707	109.693214	69100199.0	FR	27.0	55.0	81.0	109.0	139.0	169.0	205.0	253.0	345.0	713.0
X221305-GM2210318-1-TWE-F-EGG4_FR	X221305-GM2210318-1-TWE-F-EGG4	254.0	66.0	2.0	239262459.0	272.011144	103.847566	51708220.0	FR	27.0	53.0	79.0	105.0	133.0	163.0	197.0	243.0	329.0	657.0
X221313-GM2210301-1-TWE-M-EGG4_FR	X221313-GM2210301-1-TWE-M-EGG4	247.0	65.0	2.0	238649698.0	266.1144	102.373551	55101822.0	FR	27.0	53.0	79.0	105.0	131.0	159.0	193.0	237.0	325.0	653.0
X221314-GM2210291-1-TWE-F-EGG4_FR	X221314-GM2210291-1-TWE-F-EGG4	248.0	66.0	2.0	241312498.0	266.110082	103.278443	59770161.0	FR	27.0	51.0	77.0	105.0	133.0	163.0	197.0	241.0	327.0	653.0
X221316-GM2210566-1-TWE-M-EGG4_FR	X221316-GM2210566-1-TWE-M-EGG4	209.0	58.0	2.0	245406863.0	225.11232	92.256567	71403564.0	FR	23.0	45.0	69.0	93.0	117.0	145.0	175.0	213.0	287.0	597.0
X221337-GM2210142-1-TWE-M-EGG4_FR	X221337-GM2210142-1-TWE-M-EGG4	247.0	67.0	2.0	246002189.0	265.32213	104.48161	79613520.0	FR	27.0	53.0	79.0	107.0	135.0	165.0	201.0	245.0	331.0	659.0
X221350-GM2211157-1-TWE-M-EGG4_FR	X221350-GM2211157-1-TWE-M-EGG4	241.0	65.0	2.0	241735740.0	259.377121	102.375079	61609682.0	FR	27.0	51.0	77.0	103.0	131.0	161.0	195.0	239.0	323.0	651.0
X221352-GM2211136-1-TWE-M-EGG4_FR	X221352-GM2211136-1-TWE-M-EGG4	243.0	67.0	2.0	246605765.0	261.818208	104.885692	63562318.0	FR	27.0	53.0	79.0	107.0	135.0	165.0	201.0	245.0	331.0	665.0
X221353-GM2210388-1-TWE-F-EGG4_FR	X221353-GM2210388-1-TWE-F-EGG4	240.0	66.0	2.0	246548536.0	257.880138	103.674754	51039599.0	FR	27.0	53.0	79.0	105.0	133.0	163.0	199.0	243.0	327.0	655.0
X221364-GM2210646-1-TWE-M-EGG4_FR	X221364-GM2210646-1-TWE-M-EGG4	244.0	66.0	2.0	242883549.0	262.352117	104.005425	75896022.0	FR	27.0	53.0	79.0	105.0	133.0	163.0	199.0	243.0	329.0	661.0
X221367-GM2211373-1-TWE-F-EGG4_FR	X221367-GM2211373-1-TWE-F-EGG4	233.0	68.0	2.0	241132835.0	251.31477	105.657344	42551182.0	FR	27.0	53.0	81.0	109.0	137.0	167.0	203.0	247.0	331.0	667.0
X221368-GM2210324-1-TWE-F-EGG4_FR	X221368-GM2210324-1-TWE-F-EGG4	233.0	65.0	2.0	248760583.0	252.732782	102.692066	72975844.0	FR	27.0	53.0	79.0	105.0	131.0	159.0	193.0	239.0	325.0	659.0
X221369-GM2210323-1-TWE-M-EGG4_FR	X221369-GM2210323-1-TWE-M-EGG4	254.0	70.0	2.0	247232927.0	274.649417	112.245251	64027591.0	FR	27.0	55.0	83.0	111.0	141.0	173.0	209.0	257.0	353.0	737.0
X221372-GM2211127-1-TWE-F-EGG4_FR	X221372-GM2211127-1-TWE-F-EGG4	247.0	67.0	2.0	240110971.0	265.761856	106.131162	53076001.0	FR	27.0	53.0	79.0	107.0	135.0	167.0	203.0	249.0	335.0	673.0
X221403-GM2211579-1-TWE-M-EGG4_FR	X221403-GM2211579-1-TWE-M-EGG4	249.0	69.0	2.0	248760035.0	268.807758	109.43474	67812638.0	FR	27.0	55.0	81.0	109.0	139.0	169.0	205.0	251.0	343.0	709.0
X221406-GM2210058-1-TWE-F-EGG4_FR	X221406-GM2210058-1-TWE-F-EGG4	244.0	67.0	2.0	244551792.0	262.580456	105.168097	58250536.0	FR	27.0	53.0	79.0	107.0	135.0	167.0	201.0	245.0	331.0	665.0
X221416-GM2211270-1-TWE-F-EGG4_FR	X221416-GM2211270-1-TWE-F-EGG4	246.0	66.0	2.0	242556006.0	263.869562	103.382469	58244963.0	FR	27.0	51.0	77.0	105.0	133.0	163.0	197.0	241.0	327.0	657.0
X221424-GM2123694-1-TWE-F-EGG4_FR	X221424-GM2123694-1-TWE-F-EGG4	243.0	64.0	2.0	248760117.0	261.193157	101.024517	69378555.0	FR	27.0	51.0	77.0	103.0	129.0	159.0	193.0	237.0	319.0	641.0
X221431-GM2211586-1-TWE-F-EGG4_FR	X221431-GM2211586-1-TWE-F-EGG4	232.0	66.0	2.0	242610838.0	250.712184	103.120292	47460472.0	FR	27.0	53.0	79.0	105.0	133.0	161.0	197.0	239.0	325.0	655.0
X221442-GM2211584-1-TWE-F-EGG4_FR	X221442-GM2211584-1-TWE-F-EGG4	244.0	66.0	2.0	246387657.0	263.274151	105.102558	71837920.0	FR	27.0	53.0	79.0	105.0	133.0	165.0	199.0	243.0	333.0	675.0
X221768-GM2211585-1-TWE-M-EGG4_FR	X221768-GM2211585-1-TWE-M-EGG4	238.0	66.0	2.0	247233027.0	256.31013	103.050417	62284195.0	FR	27.0	53.0	79.0	105.0	133.0	163.0	197.0	241.0	325.0	651.0
X221777-GM2211535-1-TWE-F-EGG4_FR	X221777-GM2211535-1-TWE-F-EGG4	243.0	66.0	2.0	246900890.0	261.042782	103.430568	82764460.0	FR	27.0	51.0	77.0	105.0	133.0	163.0	197.0	241.0	325.0	659.0
X221780-GM2211534-1-TWE-F-EGG4_FR	X221780-GM2211534-1-TWE-F-EGG4	266.0	65.0	2.0	245603123.0	282.200055	103.006808	72355010.0	FR	25.0	51.0	75.0	103.0	131.0	161.0	197.0	243.0	325.0	655.0
X221784-GM2211540-1-TWE-F-EGG4_FR	X221784-GM2211540-1-TWE-F-EGG4	241.0	63.0	2.0	246491756.0	258.39206	99.010891	57840139.0	FR	25.0	49.0	75.0	99.0	127.0	155.0	189.0	231.0	313.0	627.0
X221785-GM2211538-1-TWE-M-EGG4_FR	X221785-GM2211538-1-TWE-M-EGG4	238.0	63.0	2.0	245474606.0	255.954704	99.964846	52352581.0	FR	25.0	51.0	75.0	101.0	127.0	157.0	191.0	233.0	317.0	635.0
X221786-GM2211695-1-TWE-M-EGG4_FR	X221786-GM2211695-1-TWE-M-EGG4	241.0	66.0	2.0	248760642.0	259.60223	103.302595	61598068.0	FR	27.0	53.0	79.0	105.0	133.0	163.0	197.0	241.0	327.0	655.0
X221787-GM2211536-1-TWE-M-EGG4_FR	X221787-GM2211536-1-TWE-M-EGG4	234.0	64.0	2.0	243082257.0	251.829367	100.071003	54908912.0	FR	25.0	51.0	77.0	103.0	129.0	159.0	193.0	235.0	317.0	627.0
X221789-GM2211405-1-TWE-F-EGG4_FR	X221789-GM2211405-1-TWE-F-EGG4	240.0	68.0	2.0	245273946.0	258.891835	105.966162	59917593.0	FR	27.0	53.0	81.0	107.0	137.0	167.0	203.0	249.0	335.0	669.0
X221793-GM2211541-1-TWE-F-EGG4_FR	X221793-GM2211541-1-TWE-F-EGG4	249.0	66.0	2.0	242551272.0	267.659219	104.202215	47476395.0	FR	27.0	51.0	77.0	105.0	133.0	163.0	197.0	243.0	329.0	665.0
X221803-GM2210530-1-TWE-F-EGG4_FR	X221803-GM2210530-1-TWE-F-EGG4	246.0	69.0	2.0	245887839.0	264.231719	106.905876	56276598.0	FR	27.0	55.0	81.0	109.0	139.0	169.0	205.0	249.0	335.0	675.0
X221809-GM2211489-1-TWE-M-EGG4_FR	X221809-GM2211489-1-TWE-M-EGG4	240.0	65.0	2.0	234842739.0	258.236022	101.964783	23557522.0	FR	27.0	51.0	77.0	103.0	131.0	161.0	195.0	237.0	323.0	647.0
X221837-GM1911053-1-TWE-F-EGG4_FR	X221837-GM1911053-1-TWE-F-EGG4	249.0	68.0	2.0	245068963.0	266.909527	105.655822	66503275.0	FR	27.0	53.0	81.0	107.0	137.0	167.0	203.0	247.0	333.0	665.0
X221857-GM2211189-1-TWE-F-EGG4_FR	X221857-GM2211189-1-TWE-F-EGG4	242.0	68.0	2.0	241997981.0	261.877577	108.630201	66661144.0	FR	27.0	53.0	79.0	107.0	137.0	167.0	203.0	249.0	341.0	713.0
X221878-GM2211537-1-TWE-M-EGG4_FR	X221878-GM2211537-1-TWE-M-EGG4	241.0	69.0	2.0	245873110.0	258.761253	105.956695	52388171.0	FR	27.0	55.0	81.0	109.0	139.0	169.0	205.0	249.0	333.0	665.0
X221912-GM2210738-1-TWE-M-EGG4_FR	X221912-GM2210738-1-TWE-M-EGG4	251.0	68.0	2.0	242882368.0	270.830668	108.158605	51775818.0	FR	27.0	55.0	81.0	109.0	137.0	169.0	205.0	251.0	341.0	693.0
X222001-GM2211415-1-TWE-M-EGG4_FR	X222001-GM2211415-1-TWE-M-EGG4	252.0	65.0	2.0	243082122.0	269.974882	102.74969	76839885.0	FR	27.0	51.0	77.0	103.0	131.0	161.0	195.0	241.0	325.0	651.0
X222348-GM2216585-1-TWE-M-EGG4_FR	X222348-GM2216585-1-TWE-M-EGG4	229.0	55.0	2.0	239354609.0	243.829885	90.655902	38590409.0	FR	21.0	43.0	65.0	87.0	111.0	139.0	169.0	211.0	283.0	597.0
X223122-gm2221969-1-TWE-F-EGG4_FR	X223122-gm2221969-1-TWE-F-EGG4	232.0	72.0	2.0	245229100.0	252.880227	113.849291	64546415.0	FR	29.0	57.0	85.0	115.0	145.0	177.0	215.0	261.0	355.0	743.0
X223375-GM2224964-1-TWE-M-EGG4_FR	X223375-GM2224964-1-TWE-M-EGG4	238.0	68.0	2.0	249002652.0	256.837796	106.799105	76679536.0	FR	27.0	53.0	81.0	107.0	137.0	167.0	203.0	247.0	333.0	689.0
X223509-GM2225620-1-TWE-F-EGG4_FR	X223509-GM2225620-1-TWE-F-EGG4	236.0	68.0	2.0	248231874.0	254.018765	105.291759	68190979.0	FR	27.0	53.0	81.0	107.0	137.0	167.0	203.0	247.0	331.0	663.0
X223925-GM2228346-1-TWE-M-EGG4_FR	X223925-GM2228346-1-TWE-M-EGG4	237.0	68.0	2.0	245342040.0	254.454988	104.840249	61360602.0	FR	27.0	53.0	81.0	109.0	137.0	169.0	203.0	247.0	329.0	653.0
X223974-GM2205007-1-TWE-F-EGG4_FR	X223974-GM2205007-1-TWE-F-EGG4	221.0	61.0	2.0	243082211.0	237.283396	95.167671	74032041.0	FR	25.0	49.0	73.0	97.0	123.0	151.0	183.0	225.0	299.0	597.0
X223977-GM2216916-1-TWE-M-EGG4_FR	X223977-GM2216916-1-TWE-M-EGG4	228.0	68.0	2.0	247233055.0	246.502304	105.472924	59729965.0	FR	27.0	53.0	81.0	107.0	137.0	167.0	203.0	245.0	331.0	667.0
X223981-GM2300340-1-TWE-M-EGG4_FR	X223981-GM2300340-1-TWE-M-EGG4	237.0	69.0	2.0	248760045.0	254.7851	106.628052	86922391.0	FR	27.0	55.0	81.0	109.0	139.0	171.0	205.0	251.0	333.0	669.0
X224007-GM2227212-1-TWE-F-EGG4_FR	X224007-GM2227212-1-TWE-F-EGG4	236.0	68.0	2.0	247232962.0	254.55668	106.035193	60955666.0	FR	27.0	53.0	81.0	109.0	137.0	169.0	203.0	249.0	333.0	669.0
X224082-GM2203889-1-TWE-M-EGG4_FR	X224082-GM2203889-1-TWE-M-EGG4	221.0	62.0	2.0	247232976.0	236.853687	95.673046	65227855.0	FR	25.0	49.0	73.0	99.0	125.0	153.0	187.0	227.0	301.0	595.0
X224119-GM2301435-1-TWE-F-EGG4_FR	X224119-GM2301435-1-TWE-F-EGG4	236.0	69.0	2.0	248760143.0	253.978015	107.753234	67816896.0	FR	27.0	55.0	81.0	109.0	139.0	171.0	207.0	253.0	337.0	681.0
X224129-GM2301646-1-TWE-M-EGG4_FR	X224129-GM2301646-1-TWE-M-EGG4	236.0	70.0	2.0	240419927.0	254.338766	107.951331	60949933.0	FR	27.0	55.0	83.0	111.0	141.0	173.0	209.0	253.0	337.0	679.0
X224246-GM2302230-1-TWE-M-EGG4_FR	X224246-GM2302230-1-TWE-M-EGG4	245.0	69.0	2.0	247233127.0	263.744899	108.153414	70469013.0	FR	27.0	55.0	81.0	109.0	139.0	171.0	207.0	253.0	339.0	687.0
X224247-GM2302111-1-TWE-M-EGG4_FR	X224247-GM2302111-1-TWE-M-EGG4	242.0	69.0	2.0	243082162.0	259.982732	106.39332	81797177.0	FR	27.0	55.0	81.0	109.0	139.0	169.0	205.0	249.0	333.0	669.0
X224264-GM2221424-1-TWE-M-EGG4_FR	X224264-GM2221424-1-TWE-M-EGG4	232.0	69.0	2.0	243081285.0	250.203847	107.460685	65530087.0	FR	27.0	55.0	83.0	111.0	139.0	171.0	207.0	251.0	335.0	677.0
X224278-GM2302443-1-TWE-M-EGG4_FR	X224278-GM2302443-1-TWE-M-EGG4	246.0	70.0	2.0	243082098.0	264.415545	108.122224	56380125.0	FR	27.0	55.0	83.0	111.0	141.0	173.0	209.0	255.0	341.0	675.0
X224287-GM2302336-1-TWE-F-EGG4_FR	X224287-GM2302336-1-TWE-F-EGG4	249.0	69.0	2.0	241632495.0	267.191806	107.273578	56158927.0	FR	27.0	55.0	81.0	109.0	139.0	169.0	205.0	251.0	337.0	677.0
X224321-GM2302874-1-TWE-F-EGG4_FR	X224321-GM2302874-1-TWE-F-EGG4	245.0	71.0	2.0	242555894.0	263.937902	109.958921	56747300.0	FR	29.0	57.0	85.0	113.0	143.0	175.0	211.0	257.0	345.0	691.0
X224362-GM2303082-1-TWE-M-EGG4_FR	X224362-GM2303082-1-TWE-M-EGG4	242.0	66.0	2.0	242551082.0	259.403182	102.833912	59620552.0	FR	27.0	51.0	77.0	105.0	133.0	163.0	197.0	241.0	323.0	649.0
X224374-GM2302517-1-TWE-M-EGG4_FR	X224374-GM2302517-1-TWE-M-EGG4	245.0	70.0	2.0	246586114.0	264.117498	109.121602	64145290.0	FR	29.0	55.0	83.0	111.0	141.0	173.0	209.0	255.0	343.0	687.0
X224378-GM2302909-1-TWE-F-EGG4_FR	X224378-GM2302909-1-TWE-F-EGG4	243.0	71.0	2.0	244624974.0	261.763605	109.56311	70390608.0	FR	29.0	55.0	83.0	113.0	143.0	175.0	211.0	257.0	343.0	689.0
X224436-GM2301584-1-TWE-M-EGG4_FR	X224436-GM2301584-1-TWE-M-EGG4	240.0	68.0	2.0	242555803.0	257.921127	106.23986	71037751.0	FR	27.0	53.0	81.0	109.0	137.0	169.0	203.0	249.0	333.0	671.0
X224551-GM2303393-1-TWE-M-EGG4_FR	X224551-GM2303393-1-TWE-M-EGG4	247.0	66.0	2.0	248760056.0	265.403203	104.018568	68374697.0	FR	27.0	53.0	79.0	105.0	133.0	165.0	199.0	245.0	329.0	655.0
X224563-GM2303608-1-TWE-F-EGG4_FR	X224563-GM2303608-1-TWE-F-EGG4	254.0	68.0	2.0	248760721.0	272.54832	107.454676	74709188.0	FR	27.0	53.0	81.0	107.0	137.0	169.0	203.0	249.0	339.0	687.0
X224757-GM2221065-1-TWE-F-EGG4_FR	X224757-GM2221065-1-TWE-F-EGG4	231.0	69.0	2.0	246510128.0	248.737698	106.235185	66921580.0	FR	27.0	55.0	81.0	109.0	139.0	171.0	205.0	249.0	333.0	663.0
X224761-GM2300126-1-TWE-M-EGG4_FR	X224761-GM2300126-1-TWE-M-EGG4	240.0	70.0	2.0	248760075.0	258.646209	108.97975	63079091.0	FR	27.0	55.0	83.0	111.0	141.0	173.0	209.0	255.0	341.0	689.0
